[{"p":{"Left Leg":[0,0.03155948594212532,0,1,0,0,0,1,0,0,0,1],"Right Arm":[-3.2405989713879537e-7,-0.0032318364828824999,-4.966975808429197e-8,0.9999732971191406,-0.004980295430868864,0.005350826773792505,0.0049585034139454369,0.9999793767929077,0.004076315555721521,-0.005371027160435915,-0.004049662034958601,0.9999773502349854],"Left Arm":[-3.0710026521774127e-7,-0.0063192276284098629,-9.933951616858394e-8,0.9999542832374573,0.000562609697226435,-0.009545668959617615,-0.000513083825353533,0.9999864101409912,0.005187825299799442,0.009548459202051163,-0.005182688124477863,0.9999409317970276],"Torso":[0,0,-0.03406992182135582,1,0,0,0,1,0,0,0,1],"Right Leg":[0,0.02544250898063183,0,1,0,0,0,1,0,0,0,1],"Head":[-6.603935531757088e-8,-6.791426448993221e-11,-2.7567205052037027e-7,1,-0.00008625515329185873,-9.560485381143735e-8,0.00008625480404589325,0.9999914169311523,0.00414629653096199,-2.613460878819751e-7,-0.00414629653096199,0.9999914169311523]},"t":0.00722130000940524},{"p":{"Left Leg":[0,0.03192174807190895,0,1,0,0,0,1,0,0,0,1],"Right Arm":[-1.8362413811701118e-7,-0.004381312523037195,1.9869020206897404e-8,0.9999592304229736,-0.005904593039304018,0.006824221927672625,0.0058814105577766899,0.9999768733978272,0.0034102273639291527,-0.006844211835414171,-0.0033699285704642536,0.9999708533287048],"Left Arm":[-8.844111221151252e-9,-0.009460138157010079,3.9738040413794809e-8,0.9999329447746277,0.001275365357287228,-0.011511094868183136,-0.0012179507175460458,0.9999867677688599,0.004992233123630285,0.01151731051504612,-0.004977874923497438,0.9999212622642517],"Torso":[0,0,-0.03446133807301521,1,0,0,0,1,0,0,0,1],"Right Leg":[0,0.02573474496603012,0,1,0,0,0,1,0,0,0,1],"Head":[-1.6023735227577164e-8,-5.43276978959284e-10,-3.278261431205465e-7,0.9999998807907105,-0.0004547001444734633,-1.0197413757850882e-7,0.0004546979325823486,0.9999942183494568,0.0033757113851606848,-0.0000014278152775659692,-0.0033757109194993974,0.9999943375587463]},"t":0.02693870000075549},{"p":{"Left Leg":[-0.01501771342009306,0.02754134126007557,0.0035299682058393957,0.9995384812355042,-0.011195682920515538,0.02823919989168644,0.011245316825807095,0.999935507774353,-0.001599325449205935,-0.028219470754265786,0.0019161590607836843,0.9995998740196228],"Right Arm":[5.098321764762659e-8,-0.004058521706610918,3.88173276633097e-7,0.9997589588165283,-0.009604867547750473,-0.01974077709019184,0.010098055005073548,0.9996355175971985,0.025036141276359559,0.0194931011646986,-0.025229457765817643,0.9994915723800659],"Left Arm":[-8.062993117619044e-8,-0.009741171263158322,3.61848179863955e-7,0.9978930950164795,0.013326930813491345,-0.0634961947798729,-0.012725251726806164,0.9998703002929688,0.009870859794318676,0.06361950188875199,-0.00904205720871687,0.9979332685470581],"Torso":[0.04833316057920456,1.0800238925412487e-7,-0.0243449155241251,0.9998413920402527,0.01623699441552162,0.0073173148557543758,-0.01624125987291336,0.9998679757118225,0.0005238208686932921,-0.007307842373847961,-0.0006425896426662803,0.9999731183052063],"Right Leg":[-1.049600655278482e-7,0.018180042505264283,-8.670614306538482e-7,0.9994195103645325,-0.0006468875799328089,-0.03406110778450966,0.0009855935350060464,0.9999502301216126,0.009928101673722268,0.03405298665165901,-0.009955909103155136,0.9993704557418823],"Head":[8.998809697402521e-9,2.6194598490292267e-7,-2.5702746597744409e-8,0.9999733567237854,0.005789379123598337,0.004442249424755573,-0.0056954543106257919,0.999765932559967,-0.020871024578809739,-0.004562049172818661,0.020845167338848115,0.999772310256958]},"t":0.05760070000542328},{"p":{"Left Leg":[-0.06007085368037224,0.03294339403510094,0.014119872823357582,0.9926201701164246,-0.04439444839954376,0.11284682899713516,0.04518809914588928,0.9989684224128723,-0.004483639262616634,-0.11253137141466141,0.009549876675009728,0.9936022758483887],"Right Arm":[3.757324122943828e-7,-0.003059456590563059,0.000001559322754474124,0.9949052333831787,-0.01845266856253147,-0.0991111621260643,0.027678562328219415,0.9953247904777527,0.09253370761871338,0.0969403013586998,-0.09480553865432739,0.9907645583152771],"Left Arm":[-7.370628622993536e-7,-0.008158079348504544,0.0000012884529496659525,0.9744081497192383,0.049859777092933658,-0.21918651461601258,-0.04404056817293167,0.9985374808311462,0.0313585065305233,0.22042948007583619,-0.020902883261442186,0.9751788973808289],"Torso":[0.19333264231681825,4.3200955701649948e-7,-0.0140136843547225,0.997462809085846,0.06487765163183212,0.029305923730134965,-0.06494588404893875,0.9978877902030945,0.0013813095865771175,-0.02915440872311592,-0.0032811188139021398,0.9995695352554321],"Right Leg":[-4.198402621113928e-7,0.010464855469763279,-0.000003468245722615393,0.9907199144363403,-0.0005484770517796278,-0.13591817021369935,0.005963476374745369,0.9992042779922485,0.039436280727386478,0.13578838109970094,-0.03988085687160492,0.9899348616600037],"Head":[5.1967948166975478e-8,0.0000010495024298506906,6.323070351754723e-7,0.999523937702179,0.02583703026175499,0.016862835735082628,-0.0242256261408329,0.9956808686256409,-0.08962500095367432,-0.019105661660432817,0.089173823595047,0.9958328008651733]},"t":0.08643220001249574},{"p":{"Left Leg":[-0.12259357422590256,0.04581309109926224,0.028816072270274164,0.9693657159805298,-0.08907538652420044,0.228901207447052,0.09236986935138703,0.9957178831100464,-0.0036969492211937906,-0.22759172320365907,0.02472725510597229,0.9734426736831665],"Right Arm":[7.256306844283245e-7,-0.0013338729040697218,0.0000033600583719817225,0.9776743054389954,-0.021456455811858178,-0.20902781188488007,0.06083642691373825,0.9810715913772583,0.18384107947349549,0.20112664997577668,-0.19245320558547975,0.9604737758636475],"Left Arm":[-0.0000016529432969036862,-0.0037701413966715338,0.000002767139676507213,0.9000550508499146,0.10224220156669617,-0.42361244559288027,-0.08019226789474487,0.994346022605896,0.06960766017436981,0.42833420634269717,-0.028680283576250078,0.9031651616096497],"Torso":[0.3945564031600952,8.997537861432647e-7,-0.005476857535541058,0.9894449710845947,0.13198831677436829,0.0598142184317112,-0.1322721540927887,0.9912131428718567,0.0007935846224427223,-0.059183891862630847,-0.008696965873241425,0.9982092380523682],"Right Leg":[-8.568165981159837e-7,0.004089588299393654,-0.000007078052021824988,0.9615240693092346,0.004648727364838123,-0.2746815085411072,0.017802339047193528,0.9967009425163269,0.07918542623519898,0.27414339780807497,-0.08102867007255554,0.9582691788673401],"Head":[1.7796914164591727e-7,0.000002141915501852054,0.00000135435038828291,0.9979616403579712,0.05535644665360451,0.0317523330450058,-0.04863845184445381,0.9818868041038513,-0.1831190288066864,-0.0413140133023262,0.18120139837265016,0.9825778603553772]},"t":0.11139520001597703},{"p":{"Left Leg":[-0.16829551756381989,0.09610625356435776,0.08903834968805313,0.8906022310256958,-0.17114020884037019,0.42135345935821535,0.1487581878900528,0.9851520657539368,0.08571133017539978,-0.42976588010787966,-0.013654947280883789,0.9028370976448059],"Right Arm":[-0.15395350754261018,0.02642941102385521,-0.06123156100511551,0.9170010685920715,-0.10993069410324097,-0.38343748450279238,0.22404921054840089,0.9372589588165283,0.26710963249206545,0.33001670241355898,-0.33084869384765627,0.8840973973274231],"Left Arm":[0.04499125853180885,0.014966649934649468,0.09728378802537918,0.7742332220077515,0.25147175788879397,-0.5807967782020569,-0.15396648645401,0.9649432897567749,0.21255287528038026,0.6138870120048523,-0.0751422569155693,0.7858093976974487],"Torso":[0.5421082973480225,0.14577527344226838,-0.04775577411055565,0.9595682621002197,0.26474523544311526,0.09559619426727295,-0.2690785527229309,0.9624646306037903,0.03547540307044983,-0.08261600136756897,-0.05976397544145584,0.994787871837616],"Right Leg":[-8.642666671221377e-8,-0.000002980232693516882,-0.000010341405868530274,0.9401694536209106,-0.007050753105431795,-0.34063419699668887,0.017530540004372598,0.9994626045227051,0.027697494253516198,0.34025588631629946,-0.032011840492486957,0.9397878646850586],"Head":[-0.0000029951336273370545,0.000002695619969017571,0.0000019073486328125,0.9938318133354187,0.0072609554044902329,0.11066003888845444,0.011421164497733117,0.9858468174934387,-0.16725938022136689,-0.11030831187963486,0.16749157011508943,0.979682981967926]},"t":0.14451460001873785},{"p":{"Left Leg":[-0.19212664663791657,0.1492266207933426,0.15030479431152345,0.7849889397621155,-0.2509880065917969,0.5663896799087524,0.17303168773651124,0.9666970372200012,0.1885652244091034,-0.5948548316955566,-0.05001825839281082,0.8022754192352295],"Right Arm":[-0.3271521031856537,0.056161317974328998,-0.13012167811393739,0.8275702595710754,-0.19039052724838258,-0.5280898809432983,0.3892087936401367,0.8725109696388245,0.29536595940589907,0.40452930331230166,-0.44997331500053408,0.7961658239364624],"Left Arm":[0.09560868889093399,0.031804561614990237,0.20672427117824555,0.6535525321960449,0.3954172134399414,-0.6453791260719299,-0.19994372129440309,0.9125884771347046,0.3566577434539795,0.7299942374229431,-0.10405506193637848,0.6754857301712036],"Torso":[0.6193290948867798,0.30977120995521548,-0.10148060321807862,0.9165562391281128,0.3792341649532318,0.12690982222557069,-0.38979360461235049,0.9181140661239624,0.07160647958517075,-0.08936206251382828,-0.11510000377893448,0.9893262386322022],"Right Leg":[9.730456440593117e-7,-0.000006064772151148645,-0.00001242011694557732,0.934746265411377,-0.025314059108495714,-0.35441309213638308,0.00921498890966177,0.9988505244255066,-0.047039132565259936,0.355196475982666,0.04070373997092247,0.9339050650596619],"Head":[-0.0000066161151153210089,0.000002836435896824696,0.0000022426247596740724,0.979793906211853,-0.06460175663232804,0.1892896145582199,0.08519864827394486,0.9910495281219482,-0.10277149081230164,-0.180956169962883,0.11682209372520447,0.9765282869338989]},"t":0.18069730000570417},{"p":{"Left Leg":[-0.185416579246521,0.1640424132347107,0.240764319896698,0.7549209594726563,-0.28442487120628359,0.590928852558136,0.1979030966758728,0.9578537344932556,0.20820820331573487,-0.6252430081367493,-0.040234096348285678,0.779392421245575],"Right Arm":[-0.43497171998023989,0.05690266937017441,-0.2393261194229126,0.7533326148986816,-0.27089542150497439,-0.5992542505264282,0.48181211948394778,0.847540020942688,0.2225600630044937,0.44760143756866457,-0.45638972520828249,0.7690001726150513],"Left Arm":[0.18530502915382386,0.03440261259675026,0.22637438774108888,0.6281154155731201,0.472616970539093,-0.6181458234786987,-0.20723950862884522,0.8673238754272461,0.45254963636398318,0.7500152587890625,-0.15614916384220124,0.6427243947982788],"Torso":[0.5979640483856201,0.43599849939346316,-0.1362367868423462,0.8932580351829529,0.43117788434028628,0.12718342244625092,-0.44375625252723696,0.8909856677055359,0.09604661911725998,-0.07190543413162232,-0.14223286509513856,0.9872180223464966],"Right Leg":[0.05567773059010506,0.01468329131603241,-0.02883882075548172,0.9341691732406616,0.007626954931765795,-0.35674890875816347,-0.02264721505343914,0.9990231990814209,-0.0379449725151062,0.3561110198497772,0.04352639615535736,0.9334293603897095],"Head":[-0.0000012479722499847413,0.000007720664143562317,0.000003248453140258789,0.9626826047897339,-0.1741093546152115,0.2071908861398697,0.17032133042812348,0.9847261905670166,0.03612437844276428,-0.21031589806079865,0.000512734055519104,0.9776333570480347]},"t":0.21350370001164266},{"p":{"Left Leg":[-0.1561090350151062,0.15826040506362916,0.3808390498161316,0.776890754699707,-0.29753386974334719,0.5549003481864929,0.23943506181240083,0.9547011256217957,0.1766822636127472,-0.5823329091072083,-0.004400230944156647,0.8129385113716126],"Right Arm":[-0.5351451635360718,0.03856409341096878,-0.4118082523345947,0.6683387756347656,-0.3897286057472229,-0.6335889101028442,0.5493654608726502,0.832876980304718,0.0671827644109726,0.5015186071395874,-0.3929727077484131,0.7707474231719971],"Left Arm":[0.3309527039527893,0.02837343141436577,0.19271433353424073,0.6644896864891052,0.5264280438423157,-0.5304027199745178,-0.20728307962417603,0.8117496371269226,0.5459819436073303,0.7179743647575378,-0.25285589694976809,0.6485188603401184],"Torso":[0.5037535429000855,0.5791223645210266,-0.16993260383605958,0.880559504032135,0.46200740337371828,0.10566100478172302,-0.47262489795684817,0.8725928068161011,0.12331892549991608,-0.035224784165620807,-0.1585276573896408,0.9867260456085205],"Right Leg":[0.16703054308891297,0.04406405985355377,-0.08649023622274399,0.9331437349319458,0.08590500056743622,-0.3490888774394989,-0.08061359822750092,0.9963032007217407,0.02968686819076538,0.3503486216068268,0.0004392005503177643,0.936619222164154],"Head":[0.000011902302503585816,0.000017395243048667909,0.000005036592483520508,0.926945686340332,-0.3366923928260803,0.1655592918395996,0.28766077756881716,0.9210483431816101,0.26252853870391848,-0.24087947607040406,-0.19572478532791139,0.9506149888038635]},"t":0.24598840001272039},{"p":{"Left Leg":[-0.15621066093444825,0.16356748342514039,0.4553739130496979,0.7980924248695374,-0.3101915121078491,0.516555666923523,0.26748359203338625,0.9505929350852966,0.15756140649318696,-0.5399084091186523,0.012421593070030213,0.8416321277618408],"Right Arm":[-0.5766533613204956,0.028708025813102723,-0.4769682288169861,0.6489297747612,-0.4580570459365845,-0.6075143814086914,0.5578844547271729,0.8293963670730591,-0.029436349868774415,0.5173537731170654,-0.319820761680603,0.7937629818916321],"Left Arm":[0.45839470624923708,0.023097870871424676,0.16326089203357697,0.66802579164505,0.57546067237854,-0.4717908501625061,-0.21497580409049989,0.756218671798706,0.6179957389831543,0.7124093174934387,-0.3114134669303894,0.6288837194442749],"Torso":[0.42207175493240359,0.650684118270874,-0.2101144641637802,0.88096022605896,0.46502768993377688,0.08751168847084046,-0.4731082320213318,0.8690573573112488,0.14459553360939027,-0.00881173461675644,-0.16878542304039002,0.9856134057044983],"Right Leg":[0.19133584201335908,0.09543994069099426,-0.09148703515529633,0.9188972115516663,0.14608891308307649,-0.3664505183696747,-0.12679336965084077,0.9889881610870361,0.07632720470428467,0.37356576323509219,-0.02367338165640831,0.9273015856742859],"Head":[0.000020116567611694337,0.000023027881979942323,0.000006083399057388306,0.9156596064567566,-0.3897334337234497,0.09836306422948837,0.32842135429382326,0.8664917945861816,0.3759406507015228,-0.23174741864204408,-0.3119291365146637,0.9214083552360535]},"t":0.27609420000226239},{"p":{"Left Leg":[-0.1906399428844452,0.18269631266593934,0.4658679962158203,0.8222176432609558,-0.3229714334011078,0.4686656594276428,0.28572019934654238,0.9463576078414917,0.15090139210224152,-0.49226218461990359,0.009833484888076783,0.8703914284706116],"Right Arm":[-0.5566367506980896,0.02710554003715515,-0.42777907848358157,0.7099295854568481,-0.4738134443759918,-0.5210573673248291,0.5143425464630127,0.8542122840881348,-0.07598067820072174,0.48109427094459536,-0.21406103670597077,0.8501330018043518],"Left Arm":[0.5858370065689087,0.017822273075580598,0.13380631804466248,0.6363965272903442,0.6337005496025086,-0.4397989511489868,-0.22583401203155518,0.6982437372207642,0.6793045997619629,0.7375625371932983,-0.332985520362854,0.5874710083007813],"Torso":[0.3413930833339691,0.6506838202476502,-0.264560341835022,0.8973394632339478,0.43591850996017458,0.06897082924842835,-0.4412384629249573,0.8827393651008606,0.16149258613586427,0.009514322504401207,-0.1753462553024292,0.9844608902931213],"Right Leg":[0.11813657730817795,0.18103942275047303,-0.0358862467110157,0.8871025443077087,0.1956736445426941,-0.41804414987564089,-0.16517210006713868,0.9802955389022827,0.10834600031375885,0.4310072660446167,-0.027064770460128785,0.9019424915313721],"Head":[0.000023941200197441505,0.000024883698642952369,0.000006439785465772729,0.9420884251594544,-0.334712415933609,0.020905666053295137,0.2999016344547272,0.868728518486023,0.39416974782943728,-0.1500948667526245,-0.3650730848312378,0.918799877166748]},"t":0.30442410000250677},{"p":{"Left Leg":[-0.22506920993328095,0.20182515680789948,0.47636210918426516,0.843418538570404,-0.3357555866241455,0.41942018270492556,0.30371618270874026,0.9419264793395996,0.14328642189502717,-0.4431722164154053,0.006534263491630554,0.8964126706123352],"Right Arm":[-0.5366201400756836,0.02550305426120758,-0.378589928150177,0.7652493119239807,-0.4789672791957855,-0.43009746074676516,0.47332921624183657,0.8714863061904907,-0.12833967804908753,0.4362945556640625,-0.10536585748195648,0.8936135172843933],"Left Arm":[0.7132793068885803,0.012546677142381668,0.10435174405574799,0.603165328502655,0.6881549954414368,-0.4032793641090393,-0.23291288316249848,0.635528564453125,0.7361080646514893,0.7628520131111145,-0.3500659465789795,0.5436089634895325],"Torso":[0.26071444153785708,0.6506834626197815,-0.31900620460510256,0.9123024940490723,0.4064730703830719,0.04983874410390854,-0.4085830748081207,0.8952409625053406,0.17777369916439057,0.02764251083135605,-0.18254666030406953,0.982808530330658],"Right Leg":[0.04493733122944832,0.26663893461227419,0.019714541733264924,0.8500004410743713,0.24478717148303986,-0.4664531648159027,-0.20098797976970673,0.9691935777664185,0.14236433804035188,0.4869323670864105,-0.027258291840553285,0.8730142712593079],"Head":[0.000027765830964199269,0.00002673951348697301,0.000006796171874157153,0.9597444534301758,-0.2753150165081024,-0.05560731887817383,0.2730170786380768,0.8679289221763611,0.4149228632450104,-0.06597132235765457,-0.41340169310569765,0.9081556797027588]},"t":0.33107380001456479},{"p":{"Left Leg":[-0.2594984769821167,0.22095400094985963,0.4868561625480652,0.8616233468055725,-0.34850266575813296,0.36898666620254519,0.3214181363582611,0.9373044371604919,0.13472506403923036,-0.3928048610687256,0.002516739070415497,0.9196184277534485],"Right Arm":[-0.5166035294532776,0.02390056848526001,-0.32940077781677248,0.8141880035400391,-0.47345659136772158,-0.33606061339378359,0.4356186091899872,0.8808048367500305,-0.18552425503730775,0.38384148478507998,0.004657350480556488,0.9233872294425964],"Left Arm":[0.8407215476036072,0.007271081209182739,0.0748971700668335,0.5685901641845703,0.7384482622146606,-0.362490713596344,-0.23609575629234315,0.5686048269271851,0.7880022525787354,0.7880128026008606,-0.3624676764011383,0.49764758348464968],"Torso":[0.1800357848405838,0.6506831049919128,-0.3734520971775055,0.9258264899253845,0.37674474716186526,0.030144475400447847,-0.3751952052116394,0.9065431356430054,0.1934116929769516,0.04553957283496857,-0.19037573039531709,0.9806544780731201],"Right Leg":[-0.02826191484928131,0.35223841667175295,0.07531532645225525,0.8078237771987915,0.29311931133270266,-0.511372447013855,-0.23401778936386109,0.9557681083679199,0.17816554009914399,0.5409772396087647,-0.02425609529018402,0.8406873941421509],"Head":[0.00003159046173095703,0.000028595328330993654,0.000007152557373046875,0.968520998954773,-0.2120804786682129,-0.13034138083457948,0.24814671277999879,0.864091694355011,0.437914103269577,0.019753865897655488,-0.456472784280777,0.8895180225372315]},"t":0.3592524000268895},{"p":{"Left Leg":[-0.32709476351737978,0.26113149523735049,0.46300452947616579,0.8994377851486206,-0.3394540548324585,0.27528640627861025,0.31823211908340456,0.9404057860374451,0.11985529959201813,-0.2995662987232208,-0.020197395235300065,0.953861653804779],"Right Arm":[-0.5158360004425049,0.0020340830087661745,-0.29943445324897768,0.8404939770698547,-0.4675562083721161,-0.2737900912761688,0.429302841424942,0.8829595446586609,-0.18995121121406556,0.3305584490299225,0.04211398959159851,0.9428454041481018],"Left Arm":[0.8467161655426025,-0.05477304384112358,0.0710187777876854,0.588868260383606,0.7089016437530518,-0.38819172978401186,-0.26395896077156069,0.6226457357406616,0.7366397380828857,0.7639110088348389,-0.33131706714630129,0.5537772178649902],"Torso":[0.13006213307380677,0.5768445134162903,-0.41626685857772829,0.946971595287323,0.3211449980735779,0.010518431663513184,-0.31790846586227419,0.9316677451133728,0.17586761713027955,0.04667934402823448,-0.1698855459690094,0.9843575954437256],"Right Leg":[0.040548067539930347,0.39345815777778628,0.07088431715965271,0.8083526492118836,0.34218257665634158,-0.47903773188591006,-0.275460422039032,0.939000129699707,0.2059134542942047,0.5202764868736267,-0.03449477255344391,0.8533009886741638],"Head":[0.00003233286042814143,0.0000295660320261959,0.000008155193427228369,0.9773949980735779,-0.1502004712820053,-0.1487913429737091,0.20128993690013886,0.8763457536697388,0.43760770559310915,0.06466379761695862,-0.4576658010482788,0.8867698311805725]},"t":0.38702250001369978},{"p":{"Left Leg":[-0.3946910500526428,0.3013089895248413,0.43915295600891116,0.9274541735649109,-0.3286466896533966,0.17838184535503388,0.3140271008014679,0.9435214996337891,0.10561322420835495,-0.20301653444766999,-0.041934676468372348,0.9782769083976746],"Right Arm":[-0.5150684118270874,-0.01983240433037281,-0.26946812868118288,0.8629586696624756,-0.459433913230896,-0.21029232442378999,0.4234757423400879,0.8846721053123474,-0.19499653577804566,0.2756277620792389,0.07922026515007019,0.9579945206642151],"Left Arm":[0.8527107834815979,-0.1168171688914299,0.06714038550853729,0.6094467043876648,0.6778319478034973,-0.41124022006988528,-0.2894693613052368,0.6731328964233398,0.6805142164230347,0.7380936145782471,-0.2956956624984741,0.6064502000808716],"Torso":[0.08008846640586853,0.503005862236023,-0.4590815603733063,0.9645066857337952,0.263935387134552,-0.008055754005908966,-0.2594444155693054,0.9528908729553223,0.1571226865053177,0.04914650693535805,-0.14945586025714875,0.9875462055206299],"Right Leg":[0.109358049929142,0.4346778988838196,0.06645330786705017,0.8059452176094055,0.3901728689670563,-0.44521623849868777,-0.3169867694377899,0.9195958971977234,0.23208367824554444,0.49997174739837649,-0.04591906815767288,0.8648235201835632],"Head":[0.00003307525548734702,0.000030536735721398148,0.000009157828571915161,0.981998085975647,-0.08781584352254868,-0.16723690927028657,0.15385955572128297,0.8854683041572571,0.4384896159172058,0.10957665741443634,-0.456326961517334,0.8830394744873047]},"t":0.4091844000213314},{"p":{"Left Leg":[-0.45102134346961977,0.33479025959968569,0.4192765951156616,0.9431004524230957,-0.3183722496032715,0.09592011570930481,0.3098013997077942,0.9461156725883484,0.094277523458004,-0.12076686322689057,-0.05919700115919113,0.9909142851829529],"Right Arm":[-0.5144287943840027,-0.038054488599300387,-0.244496151804924,0.8786748647689819,-0.45098772644996645,-0.15665414929389954,0.41902944445610049,0.8857541084289551,-0.1996346265077591,0.22878983616828919,0.1097712367773056,0.9672670364379883],"Left Arm":[0.8577063083648682,-0.16852064430713654,0.06390839070081711,0.6267545819282532,0.6509149074554443,-0.4283555746078491,-0.30885615944862368,0.7122195959091187,0.6303579211235046,0.7153925895690918,-0.26277947425842287,0.6474260091781616],"Torso":[0.038443733006715778,0.44147366285324099,-0.49476051330566409,0.9763052463531494,0.215206578373909,-0.02267654985189438,-0.21000607311725617,0.9675319790840149,0.140639066696167,0.05220671743154526,-0.13254445791244508,0.9898012280464172],"Right Leg":[0.16669972240924836,0.46902766823768618,0.06276079267263413,0.801705002784729,0.4292227625846863,-0.41597720980644228,-0.35153985023498537,0.9014421701431274,0.252629816532135,0.48341384530067446,-0.0563020184636116,0.8735795617103577],"Head":[0.000033693922887323427,0.00003134565849904902,0.000009993358617066406,0.9825554490089417,-0.035632479935884479,-0.18252408504486085,0.11406150460243225,0.8906571865081787,0.44013601541519167,0.14688324928283692,-0.453277051448822,0.879184365272522]},"t":0.42993320000823589},{"p":{"Left Leg":[-0.5073515772819519,0.36827149987220766,0.3994002342224121,0.951621413230896,-0.307016521692276,0.012552795931696892,0.30497196316719057,0.9486967325210571,0.08346663415431977,-0.037534430623054507,-0.07560038566589356,0.9964315295219421],"Right Arm":[-0.513789176940918,-0.05627656355500221,-0.21952420473098756,0.8916105628013611,-0.44103875756263735,-0.10254435241222382,0.41498467326164248,0.8865175843238831,-0.2046319991350174,0.18115802109241486,0.13989771902561189,0.9734528064727783],"Left Arm":[0.8627017736434937,-0.22022409737110139,0.060676395893096927,0.6441470980644226,0.6231870651245117,-0.44352278113365176,-0.32648640871047976,0.7483739852905273,0.5773587226867676,0.6917233467102051,-0.22709983587265016,0.6855250000953674],"Torso":[-0.003200989216566086,0.379941463470459,-0.5304394960403442,0.9855057597160339,0.16567450761795045,-0.03647380322217941,-0.16007328033447267,0.9793588519096375,0.12342125922441483,0.05616869777441025,-0.115793876349926,0.991683840751648],"Right Leg":[0.2240413874387741,0.5033774375915527,0.05906828120350838,0.7954474687576294,0.4673135280609131,-0.38585153222084048,-0.3859458565711975,0.8815164566040039,0.2719825804233551,0.46723559498786929,-0.0674300417304039,0.8815577626228333],"Head":[0.00003431258664932102,0.0000321545812766999,0.00001082888866221765,0.9801295399665833,0.016566522419452668,-0.19766554236412049,0.07415778189897537,0.8936424851417542,0.4426102638244629,0.18397483229637147,-0.44847381114959719,0.8746568560600281]},"t":0.4524593000242021},{"p":{"Left Leg":[-0.5749479532241821,0.4084491729736328,0.37554842233657839,0.9523578882217407,-0.2920655906200409,-0.08781863749027252,0.29845157265663149,0.951762855052948,0.07123242318630219,0.06277798116207123,-0.0940483808517456,0.9935863614082336],"Right Arm":[-0.5130218267440796,-0.07814300805330277,-0.18955789506435395,0.9034124612808228,-0.42715248465538027,-0.03723805025219917,0.4106968343257904,0.8870084881782532,-0.21105441451072694,0.12318290770053864,0.17537564039230348,0.9767647385597229],"Left Arm":[0.868696391582489,-0.28226807713508608,0.05679801106452942,0.6650519371032715,0.589007556438446,-0.4591035544872284,-0.3452637791633606,0.7876226902008057,0.5103366374969482,0.6621924638748169,-0.18088854849338532,0.7271729707717896],"Torso":[-0.05317453294992447,0.3061029314994812,-0.5732542872428894,0.9930770993232727,0.10538212954998017,-0.05188942700624466,-0.09971097111701966,0.9897891283035278,0.10185889154672623,0.062093690037727359,-0.09597978740930557,0.9934446215629578],"Right Leg":[0.29285120964050295,0.544597327709198,0.054637275636196139,0.7853019833564758,0.5116242170333862,-0.3486279249191284,-0.42690780758857729,0.8553149700164795,0.29357463121414187,0.44838660955429079,-0.08171272277832031,0.89009690284729],"Head":[0.00003505499262246303,0.00003312528133392334,0.000011831524716399145,0.9732905030250549,0.0790114626288414,-0.2155522257089615,0.02632211335003376,0.8943130373954773,0.4466668367385864,0.2280629724264145,-0.4404103755950928,0.8683466911315918]},"t":0.47794820001581686},{"p":{"Left Leg":[-0.6920156478881836,0.5077282190322876,0.27796390652656557,0.9557734131813049,-0.2651100754737854,-0.12733377516269685,0.2760136127471924,0.9580574631690979,0.07708704471588135,0.10155652463436127,-0.10882359743118286,0.9888597726821899],"Right Arm":[-0.5800811648368836,-0.07963314652442932,-0.17453981935977937,0.8479359745979309,-0.5254472494125366,-0.07006967067718506,0.49565520882606509,0.8327537178993225,-0.24667219817638398,0.18796399235725404,0.17443184554576875,0.9665625095367432],"Left Arm":[0.868696928024292,-0.28226935863494875,0.05679675191640854,0.6351321935653687,0.6261599659919739,-0.4522508382797241,-0.46611207723617556,0.7775912880897522,0.4220086932182312,0.6159112453460693,-0.05723176896572113,0.7857339978218079],"Torso":[-0.053176186978816989,0.26843392848968508,-0.6491953134536743,0.9976981282234192,0.01862729713320732,-0.0652032271027565,-0.014641732908785344,0.9980255961418152,0.06107793003320694,0.06621221452951431,-0.05998264253139496,0.9960010051727295],"Right Leg":[0.2886795997619629,0.6322639584541321,0.051946476101875308,0.8063230514526367,0.4687986671924591,-0.36065343022346499,-0.37361153960227969,0.8763923645019531,0.3038928210735321,0.4585384428501129,-0.11029154062271118,0.8818039894104004],"Head":[0.00004009345138911158,0.00003279559314250946,0.000013113024579070043,0.9628774523735046,0.14832234382629395,-0.22553828358650208,-0.05388493463397026,0.9243121147155762,0.3778141736984253,0.2645060420036316,-0.3516356348991394,0.8979915976524353]},"t":0.5036594000121113},{"p":{"Left Leg":[-0.8285945057868958,0.6235537528991699,0.1641152948141098,0.956996500492096,-0.23285306990146638,-0.1730235517024994,0.2500613331794739,0.9644825458526611,0.08510450273752213,0.14706134796142579,-0.12471122294664383,0.9812339544296265],"Right Arm":[-0.6583170890808106,-0.08137165009975434,-0.1570187211036682,0.7681075930595398,-0.6321091055870056,-0.10221996158361435,0.5843005776405335,0.7572188973426819,-0.2919117212295532,0.2619228959083557,0.1644924283027649,0.9509671926498413],"Left Arm":[0.8686975240707398,-0.2822708189487457,0.056795284152030948,0.5914933681488037,0.6677543520927429,-0.4519288241863251,-0.5963518023490906,0.7395296692848206,0.31218641996383669,0.5426785945892334,0.08485237509012222,0.8356434106826782],"Torso":[-0.05317811295390129,0.22448676824569703,-0.7377930879592896,0.9936036467552185,-0.08325259387493134,-0.0762944221496582,0.08442386984825134,0.9963545799255371,0.012252062559127808,0.07499627768993378,-0.018614767119288446,0.9970100522041321],"Right Leg":[0.2838127613067627,0.734541654586792,0.048807211220264438,0.8273317813873291,0.41770562529563906,-0.37555840611457827,-0.30985715985298159,0.8970441818237305,0.3151194155216217,0.4685196578502655,-0.14433884620666505,0.8715822696685791],"Head":[0.00004597164661390707,0.00003241095691919327,0.00001460810744902119,0.9427201747894287,0.22717532515525819,-0.24427469074726106,-0.15051814913749696,0.94317227602005,0.2962607145309448,0.29769623279571535,-0.242523193359375,0.9233415126800537]},"t":0.5296603000024334},{"p":{"Left Leg":[-0.9456620216369629,0.7228326797485352,0.06653088331222534,0.9556763768196106,-0.20458123087882996,-0.21172890067100526,0.22807282209396363,0.9691950678825378,0.09297116100788117,0.18618643283843995,-0.13713997602462769,0.9728962779045105],"Right Arm":[-0.7253763675689697,-0.08286179602146149,-0.14200066030025483,0.6879166960716248,-0.7151179909706116,-0.1240035817027092,0.6499928832054138,0.6830340623855591,-0.33312711119651797,0.32292383909225466,0.1485622525215149,0.9346921443939209],"Left Arm":[0.8686981201171875,-0.2822721004486084,0.056794025003910068,0.5472165942192078,0.700175404548645,-0.45859381556510928,-0.6960309743881226,0.6849786639213562,0.2152787297964096,0.46485987305641177,0.20139144361019135,0.8621755242347717],"Torso":[-0.05317976698279381,0.18681782484054566,-0.8137339949607849,0.9819903373718262,-0.17025478184223176,-0.08190420269966126,0.1683003157377243,0.9852713942527771,-0.0302534569054842,0.08584865927696228,0.015924109145998956,0.9961809515953064],"Right Leg":[0.27964121103286745,0.8222082853317261,0.0461164154112339,0.8422644138336182,0.37313783168792727,-0.38904863595962527,-0.25407367944717409,0.9113069772720337,0.32398492097854617,0.47543376684188845,-0.17403395473957063,0.8623659014701843],"Head":[0.000051010094466619196,0.00003208126872777939,0.000015889605492702686,0.9186753034591675,0.2918923795223236,-0.2661474645137787,-0.23472145199775697,0.9452971816062927,0.22653695940971375,0.3177128732204437,-0.14564338326454163,0.9369346499443054]},"t":0.5564319000113756},{"p":{"Left Leg":[-1.0492569208145142,0.8450164794921875,-0.03590827062726021,0.95628821849823,-0.16933269798755647,-0.2384098321199417,0.19938229024410249,0.9739537835121155,0.10798504948616028,0.21391473710536958,-0.15079954266548158,0.9651424288749695],"Right Arm":[-0.7812594771385193,-0.08410418033599854,-0.12948401272296906,0.6076663732528687,-0.7836488485336304,-0.12898091971874238,0.7110884189605713,0.6091831922531128,-0.3510686457157135,0.3536875247955322,0.12161574512720108,0.9274237751960754],"Left Arm":[0.8368905186653137,-0.2642711400985718,0.04217098653316498,0.530287504196167,0.7045667767524719,-0.47157275676727297,-0.7589038014411926,0.6424410343170166,0.10646379739046097,0.37796854972839358,0.3014219105243683,0.87537682056427],"Torso":[-0.027456901967525483,0.15542727708816529,-0.895829975605011,0.9639580249786377,-0.25567418336868288,-0.07359045743942261,0.25011080503463747,0.9651494026184082,-0.07701393216848374,0.09071627259254456,0.05583242326974869,0.9943104386329651],"Right Leg":[0.2614731192588806,0.9090650081634522,0.0424240343272686,0.8576542735099793,0.32778117060661318,-0.3962179720401764,-0.19839414954185487,0.9217765927314758,0.333118200302124,0.47441431879997256,-0.20709289610385896,0.8555954694747925],"Head":[0.00005740487540606409,0.000030971124942880127,0.000018055248801829295,0.9001529812812805,0.3337269425392151,-0.2799122631549835,-0.30343037843704226,0.9414908289909363,0.14671407639980317,0.3124972879886627,-0.047131214290857318,0.9487487077713013]},"t":0.5838129000039771},{"p":{"Left Leg":[-1.0673726797103882,0.9633696675300598,-0.0992642194032669,0.9655177593231201,-0.13545450568199159,-0.22232308983802796,0.16724705696105958,0.9771776795387268,0.13096649944782258,0.1995091736316681,-0.16363336145877839,0.9661367535591126],"Right Arm":[-0.7812607288360596,-0.08410598337650299,-0.12947922945022584,0.5876240730285645,-0.802492618560791,-0.10345827043056488,0.7517751455307007,0.58877032995224,-0.2969573140144348,0.29921919107437136,0.09672191739082337,0.9492695927619934],"Left Arm":[0.7414673566818237,-0.21026544272899629,-0.0016946494579315186,0.6004891991615295,0.6439196467399597,-0.47410982847213747,-0.7233521342277527,0.6901545524597168,0.021174192428588868,0.3408434987068176,0.33023351430892947,0.8802110552787781],"Torso":[0.04971523582935333,0.1554279923439026,-0.9522651433944702,0.9542982578277588,-0.29587841033935549,-0.04208154231309891,0.2899476885795593,0.9507513046264648,-0.10955493152141571,0.07242401689291,0.09234663844108582,0.9930895566940308],"Right Leg":[0.21739810705184937,0.9504686594009399,0.03807390108704567,0.87246173620224,0.3039766848087311,-0.38263383507728579,-0.1727631390094757,0.9242882132530212,0.3403588831424713,0.45712509751319888,-0.23084506392478944,0.8589221239089966],"Head":[0.00006399305129889399,0.000028464939532568679,0.00002134840178769082,0.917454719543457,0.3066951632499695,-0.25340667366981509,-0.296514630317688,0.9518024921417236,0.07842914015054703,0.2652469575405121,0.003183595836162567,0.9641752243041992]},"t":0.6120551000058185},{"p":{"Left Leg":[-1.0885076522827149,1.1014487743377686,-0.17317964136600495,0.9745521545410156,-0.09601770341396332,-0.20255541801452638,0.12911757826805116,0.9791067838668823,0.15709392726421357,0.18323957920074464,-0.17924968898296357,0.9665881991386414],"Right Arm":[-0.7812622785568237,-0.08410806953907013,-0.12947367131710053,0.5606843829154968,-0.8245587348937988,-0.07573598623275757,0.7943950891494751,0.5614585280418396,-0.23173411190509797,0.23360100388526917,0.06976540386676789,0.9698264598846436],"Left Arm":[0.6301400661468506,-0.1472586840391159,-0.05287133902311325,0.6768395900726318,0.5682432651519775,-0.46796128153800967,-0.6724604368209839,0.735903263092041,-0.07901456952095032,0.2994747459888458,0.36816564202308657,0.8802095651626587],"Torso":[0.13974960148334504,0.15542884171009065,-1.018106460571289,0.9401607513427734,-0.34071049094200137,-0.003748251125216484,0.3365674912929535,0.9303305745124817,-0.14562711119651795,0.05310381203889847,0.1356513500213623,0.9893324375152588],"Right Leg":[0.1659771353006363,0.9987730979919434,0.032998740673065189,0.8885178565979004,0.27548864483833315,-0.366936057806015,-0.14285829663276673,0.9260445237159729,0.3493322730064392,0.43603619933128359,-0.25796806812286379,0.8621628880500794],"Head":[0.00007167926378315315,0.000025541048671584578,0.000025190423912135885,0.9353609681129456,0.2771277129650116,-0.21977297961711884,-0.28437742590904238,0.9587113857269287,-0.0014108605682849885,0.21030788123607636,0.06381812691688538,0.9755500555038452]},"t":0.6402293000137433},{"p":{"Left Leg":[-1.1096428632736207,1.239527702331543,-0.24709507822990418,0.9817047119140625,-0.056764550507068637,-0.18175160884857179,0.09038624912500382,0.9790554642677307,0.18243014812469483,0.16758933663368226,-0.19552037119865418,0.966274082660675],"Right Arm":[-0.7812637686729431,-0.08411017060279846,-0.12946809828281403,0.5300596952438355,-0.8464556932449341,-0.0504925474524498,0.8315130472183228,0.5305272340774536,-0.1647026687860489,0.1662011742591858,0.04531702771782875,0.9850500822067261],"Left Arm":[0.5188128352165222,-0.08425193279981613,-0.10404802858829498,0.7463544011116028,0.4884546101093292,-0.45206981897354128,-0.6122643351554871,0.7702099084854126,-0.1786307841539383,0.2609356641769409,0.41010814905166628,0.8739129304885864],"Torso":[0.22978395223617555,0.1554296761751175,-1.0839476585388184,0.9229985475540161,-0.38310596346855166,0.03610406070947647,0.3831108510494232,0.906094491481781,-0.17949621379375459,0.036052361130714419,0.17950661480426789,0.9830959439277649],"Right Leg":[0.11455618590116501,1.0470775365829468,0.02792358212172985,0.9032396674156189,0.24627745151519776,-0.35143351554870608,-0.11300448328256607,0.92652827501297,0.3588527739048004,0.41399043798446658,-0.284416526556015,0.8647075891494751],"Head":[0.00007936548354336992,0.00002261715599161107,0.00002903244603658095,0.9507222771644592,0.24990583956241609,-0.18350529670715333,-0.2679603099822998,0.9600305557250977,-0.08086197078227997,0.15596282482147218,0.12604941427707673,0.9796872735023499]},"t":0.6684869000164326},{"p":{"Left Leg":[-1.0925668478012086,1.2788777351379395,-0.24373941123485566,0.9875922799110413,-0.03260910138487816,-0.1536167412996292,0.0619768388569355,0.9797344207763672,0.19047145545482636,0.14429251849651338,-0.19762881100177766,0.969599187374115],"Right Arm":[-0.7764941453933716,-0.09887151420116425,-0.1300830990076065,0.5245559215545654,-0.8506188988685608,-0.03589566797018051,0.8416926264762878,0.5244694948196411,-0.12839457392692567,0.12804102897644044,0.03713701665401459,0.9910733103752136],"Left Arm":[0.4812948703765869,-0.06360253691673279,-0.09945070743560791,0.7566919326782227,0.45345228910446169,-0.4709547162055969,-0.5861539244651794,0.7896020412445068,-0.181527242064476,0.28955286741256716,0.4134121537208557,0.8632783889770508],"Torso":[0.281985342502594,0.15543027222156526,-1.0877792835235596,0.9220060706138611,-0.38287729024887087,0.05753044784069061,0.3864157199859619,0.9006785154342651,-0.19864822924137116,0.02424146980047226,0.20538555085659028,0.9783808588981628],"Right Leg":[0.11447630077600479,1.0427000522613526,0.029990296810865403,0.9197136759757996,0.21884094178676606,-0.32593777775764468,-0.09281538426876068,0.927894651889801,0.3611050248146057,0.3814604580402374,-0.3018612265586853,0.8737092018127441],"Head":[0.0000823407171992585,0.000021297895727911965,0.00003060698873014189,0.9587812423706055,0.2361965775489807,-0.15795458853244782,-0.25459250807762148,0.9609517455101013,-0.10841728001832962,0.12617893517017365,0.14416252076625825,0.9814764261245728]},"t":0.6964727000158746},{"p":{"Left Leg":[-1.0521166324615479,1.2787017822265626,-0.20091009140014649,0.9933258295059204,-0.009714292362332344,-0.11493237316608429,0.0317244827747345,0.981025218963623,0.19126729667186738,0.11089353263378144,-0.1936369091272354,0.9747858643531799],"Right Arm":[-0.7681466937065125,-0.12470269203186035,-0.1311621516942978,0.5308796167373657,-0.8471640348434448,-0.021909013390541078,0.8420717716217041,0.5302430987358093,-0.0987796038389206,0.095299631357193,0.03399111330509186,0.9948681592941284],"Left Arm":[0.47130119800567629,-0.05896898731589317,-0.06581763923168183,0.7394333481788635,0.43400073051452639,-0.5146665573120117,-0.5709939002990723,0.8092867136001587,-0.13791634142398835,0.3566569983959198,0.3958514332771301,0.846225380897522],"Torso":[0.32832109928131106,0.1554308980703354,-1.0615646839141846,0.9293174743652344,-0.3617194890975952,0.07435093820095062,0.3691180348396301,0.90388679504394