[{"p":{"Stand/Left Arm":[0,0,0,1,0,0,0,1,0,0,0,1],"Right Leg":[0,0.015841608867049218,0,1,0,0,0,1,0,0,0,1],"Head":[-1.1552791079338931e-7,8.18795076185097e-9,3.501888556911581e-7,0.9999984502792358,0.0017609602073207498,-1.0045005183201283e-7,-0.001760907587595284,0.999968945980072,0.007684293668717146,0.000013623004633700475,-0.007684281561523676,0.9999704957008362],"Torso":[0,0,-0.021213151514530183,1,0,0,0,1,0,0,0,1],"Stand/Torso":[0,0,0,1,0,0,0,1,0,0,0,1],"Stand/Head":[0,0,0,1,0,0,0,1,0,0,0,1],"Right Arm":[1.6401106961438928e-7,0.006728151347488165,-2.880908596125664e-7,0.9999651908874512,0.0034570624120533468,-0.0075950599275529388,-0.0033865110017359258,0.999951183795929,0.009285658597946167,0.007626778911799192,-0.009259624406695366,0.9999280571937561],"Left Arm":[2.4373196794158504e-8,0.014124628156423569,3.4773663060150287e-8,0.9999862909317017,-0.003968132194131613,0.0034258952364325525,0.003947628196328878,0.9999743700027466,0.005973647348582745,-0.0034495024010539057,-0.00596004631370306,0.9999762773513794],"Stand/Right Arm":[0,0,0,1,0,0,0,1,0,0,0,1],"Stand/Left Leg":[0,0,0,1,0,0,0,1,0,0,0,1],"Left Leg":[0,0.019649241119623185,0,1,0,0,0,1,0,0,0,1],"Stand/Right Leg":[0,0,0,1,0,0,0,1,0,0,0,1]},"t":0.0018734000041149557},{"p":{"Stand/Left Arm":[0,0,0,1,0,0,0,1,0,0,0,1],"Right Leg":[0.024523086845874788,0.05483003705739975,0.009652716107666493,0.9994435906410217,-0.019576050341129304,-0.027005331590771676,0.01998773217201233,0.9996867775917053,0.0150595186278224,0.026702063158154489,-0.015590921975672245,0.9995218515396118],"Head":[-0.0000038803746065241288,-0.000002122717205566005,-0.0000027110106657346479,0.9978045225143433,-0.055572640150785449,0.03602497652173042,0.05788132920861244,0.9961013197898865,-0.06657222658395767,-0.032184917479753497,0.06851125508546829,0.9971310496330261],"Torso":[0.007316046394407749,-0.0009561014594510198,-0.04745860397815704,0.9938892722129822,0.10929329693317414,-0.015461321920156479,-0.10943655669689179,0.9939553141593933,-0.008741811849176884,0.014412440359592438,0.010380429215729237,0.9998422265052795],"Stand/Torso":[0,-3.3011412620544435,0,1,0,0,0,1,0,0,0,1],"Stand/Head":[0,0,0,1,0,0,0,1,0,0,0,1],"Right Arm":[0.012244410812854767,-0.06221364438533783,0.002873794874176383,0.9611482620239258,-0.26168176531791689,0.08784440904855728,0.26325711607933047,0.9647027850151062,-0.0066481782123446468,-0.08300403505563736,0.029515549540519716,0.9961119890213013],"Left Arm":[0.009712601080536843,-0.01117916963994503,0.012506990693509579,0.9660283923149109,0.25624024868011477,-0.033617228269577029,-0.2503536343574524,0.9601426124572754,0.12429490685462952,0.06412668526172638,-0.11165621876716614,0.9916756749153137],"Stand/Right Arm":[0,0,0,1,0,0,0,1,0,0,0,1],"Stand/Left Leg":[0,0,0,1,0,0,0,1,0,0,0,1],"Left Leg":[-0.058757055550813678,0.14221367239952088,0.014662752859294415,0.9981595277786255,-0.041249699890613559,0.04445332661271095,0.04103168845176697,0.9991409778594971,0.005805967375636101,-0.04465463384985924,-0.003971305675804615,0.9989945888519287],"Stand/Right Leg":[0,0,0,1,0,0,0,1,0,0,0,1]},"t":0.029644299997016789},{"p":{"Stand/Left Arm":[0,0,0,1,0,0,0,1,0,0,0,1],"Right Leg":[0.06475626677274704,0.1204952597618103,0.02548920176923275,0.9961212277412415,-0.050742216408252719,-0.07188692688941956,0.053612060844898227,0.9978166818618774,0.03856992721557617,0.06977283954620362,-0.04227433353662491,0.9966667294502258],"Head":[-0.000010415134056529496,-0.000005612333097815281,-0.000007003899099800037,0.9844168424606323,-0.14210563898086549,0.10358329862356186,0.1590375006198883,0.9708001017570496,-0.1795947253704071,-0.07503724843263626,0.19326969981193543,0.9782720804214478],"Torso":[0.01931893266737461,-0.0025247051380574705,-0.09279444813728333,0.9575241208076477,0.2851797044277191,-0.04266279563307762,-0.2861754596233368,0.9579832553863525,-0.019280023872852327,0.035371970385313037,0.030670132488012315,0.9989035129547119],"Stand/Torso":[0,-5.364354610443115,0,1,0,0,0,1,0,0,0,1],"Stand/Head":[0,0,0,1,0,0,0,1,0,0,0,1],"Right Arm":[0.03233327716588974,-0.1705237329006195,0.007588908541947603,0.7315405011177063,-0.639589786529541,0.2361638993024826,0.6531780958175659,0.7567513585090637,0.02618638053536415,-0.19546590745449067,0.13510069251060487,0.9713603258132935],"Left Arm":[0.025647539645433427,-0.04378053545951843,0.033026475459337237,0.7650541067123413,0.6436808109283447,-0.019161149859428407,-0.6039111614227295,0.7274801135063171,0.32567456364631655,0.2235698401927948,-0.23758704960346223,0.9452877044677734],"Stand/Right Arm":[0,0,0,1,0,0,0,1,0,0,0,1],"Stand/Left Leg":[0,0,0,1,0,0,0,1,0,0,0,1],"Left Leg":[-0.15515533089637757,0.34540417790412905,0.03871883079409599,0.9871787428855896,-0.10904321819543839,0.11656658351421356,0.10752452164888382,0.9940159320831299,0.019257400184869767,-0.11796893179416657,-0.006476752460002899,0.9929961562156677],"Stand/Right Leg":[0,0,0,1,0,0,0,1,0,0,0,1]},"t":0.05009559998870827},{"p":{"Stand/Left Arm":[0,0,0,1,0,0,0,1,0,0,0,1],"Right Leg":[0.1383255124092102,0.2415434718132019,0.05444733798503876,0.9823402762413025,-0.10433363169431687,-0.1553129255771637,0.11739975959062576,0.990059494972229,0.07745657861232758,0.14568769931793214,-0.09432241320610047,0.9848240613937378],"Head":[-0.000022428204829338939,-0.000011991091923846398,-0.000014663840374851134,0.929680347442627,-0.27179190516471865,0.24864357709884644,0.3488682806491852,0.8663318157196045,-0.357435405254364,-0.11825978010892868,0.419044554233551,0.9002312421798706],"Torso":[0.041267067193984988,-0.0053930082358419899,-0.1769995242357254,0.8100916743278503,0.5784554481506348,-0.09560705721378327,-0.5829075574874878,0.81214439868927,-0.025303101167082788,0.06301002204418183,0.07622791081666947,0.9950975179672241],"Stand/Torso":[0,-7.8402099609375,0,1,0,0,0,1,0,0,0,1],"Stand/Head":[0,0,0,1,0,0,0,1,0,0,0,1],"Right Arm":[0.0690673366189003,-0.3668714761734009,0.016210760921239854,-0.06114587187767029,-0.9142374992370606,0.4005383849143982,0.9708006381988525,0.03878592699766159,0.2367313802242279,-0.23196393251419068,0.4033180773258209,0.8851706981658936],"Left Arm":[0.05478570982813835,-0.10011528432369232,0.07054784148931503,0.07580714672803879,0.9714264869689941,0.22490841150283814,-0.816582441329956,-0.06896145641803742,0.5730944871902466,0.5722292065620422,-0.2271009087562561,0.7880221009254456],"Stand/Right Arm":[0,0,0,1,0,0,0,1,0,0,0,1],"Stand/Left Leg":[0,0,0,1,0,0,0,1,0,0,0,1],"Left Leg":[-0.3314264416694641,0.7181613445281982,0.08270708471536637,0.9418503046035767,-0.23138782382011414,0.24367539584636689,0.22449994087219239,0.9728597402572632,0.056068696081638339,-0.2500355839729309,0.0018967930227518082,0.9682347774505615],"Stand/Right Leg":[0,0,0,1,0,0,0,1,0,0,0,1]},"t":0.07492429998819716},{"p":{"Stand/Left Arm":[0,0,0,1,0,0,0,1,0,0,0,1],"Right Leg":[0.1930106282234192,0.27550655603408816,0.0677531287074089,0.9666777849197388,-0.15303504467010499,-0.20521754026412965,0.1759909689426422,0.9794395565986633,0.09861720353364945,0.18590626120567323,-0.13144750893115998,0.9737352728843689],"Head":[-0.000025492161512374879,-0.000028102658689022065,-0.00001948513090610504,0.8402733206748962,-0.3867216110229492,0.37998318672180178,0.5309804081916809,0.7286131978034973,-0.43264609575271609,-0.10954718291759491,0.5653045773506165,0.8175758123397827],"Torso":[0.040187813341617587,-0.016330933198332788,-0.19444696605205537,0.5866647958755493,0.7938372492790222,-0.16014569997787476,-0.8026509881019592,0.5962539911270142,0.015245676040649414,0.10759010910987854,0.11959701776504517,0.9869755506515503],"Stand/Torso":[0,-9.903422355651856,0,1,0,0,0,1,0,0,0,1],"Stand/Head":[0,0,0,1,0,0,0,1,0,0,0,1],"Right Arm":[0.18751516938209535,-0.34961941838264468,-0.07102908194065094,-0.6056421995162964,-0.6979670524597168,0.3821513056755066,0.7792704105377197,-0.42304110527038576,0.46235695481300356,-0.161044180393219,0.5778220891952515,0.8001167178153992],"Left Arm":[-0.00991566851735115,-0.019492700695991517,0.11046887189149857,-0.4320051372051239,0.7452723383903503,0.5078786611557007,-0.5321318507194519,-0.6653041839599609,0.5236468315124512,0.7281533479690552,-0.044040292501449588,0.6839980483055115],"Stand/Right Arm":[0,0,0,1,0,0,0,1,0,0,0,1],"Stand/Left Leg":[0,0,0,1,0,0,0,1,0,0,0,1],"Left Leg":[-0.45442166924476626,0.957032322883606,0.14622190594673158,0.8805978298187256,-0.33849677443504336,0.33161330223083498,0.33139094710350039,0.9401268362998962,0.07963421195745468,-0.33871448040008547,0.039767928421497348,0.9400483965873718],"Stand/Right Leg":[0,0,0,1,0,0,0,1,0,0,0,1]},"t":0.10048329998971895},{"p":{"Stand/Left Arm":[0,0,0,1,0,0,0,1,0,0,0,1],"Right Leg":[0.20573318004608155,0.22007495164871217,0.06125400587916374,0.9630160331726074,-0.17814800143241883,-0.20214703679084779,0.20099294185638429,0.9746170043945313,0.09860825538635254,0.17944908142089845,-0.13559146225452424,0.9743782877922058],"Head":[-0.000019416213035583497,-0.000045124441385269168,-0.000019602477550506593,0.7779288291931152,-0.46202436089515688,0.425864040851593,0.6216443777084351,0.6646685600280762,-0.41445624828338625,-0.09156960248947144,0.587153434753418,0.8042796850204468],"Torso":[0.019632279872894288,-0.029155177995562555,-0.14855946600437165,0.4500420391559601,0.8707996606826782,-0.19791463017463685,-0.8796931505203247,0.47043514251708987,0.06950409710407257,0.1536301076412201,0.14282438158988954,0.9777520895004273],"Stand/Torso":[0,-9.903422355651856,0,1,0,0,0,1,0,0,0,1],"Stand/Head":[0,0,0,1,0,0,0,1,0,0,0,1],"Right Arm":[0.32146772742271426,-0.15536965429782868,-0.20064610242843629,-0.7137508392333984,-0.60345059633255,0.35553789138793948,0.6797217726707459,-0.47436273097991946,0.5594269037246704,-0.16893255710601808,0.6409581899642944,0.7487553954124451],"Left Arm":[-0.1257808804512024,0.14183034002780915,0.13380077481269837,-0.5625971555709839,0.5600101947784424,0.6081718802452087,-0.3603929281234741,-0.8281857371330261,0.42921483516693118,0.7440438866615295,0.02229425311088562,0.6677588820457459],"Stand/Right Arm":[0,0,0,1,0,0,0,1,0,0,0,1],"Stand/Left Leg":[0,0,0,1,0,0,0,1,0,0,0,1],"Left Leg":[-0.4736630916595459,0.9705557823181152,0.19697368144989015,0.8532776832580566,-0.38485535979270937,0.3518573045730591,0.3854094445705414,0.9199638962745667,0.07159656286239624,-0.3512503504753113,0.07451735436916352,0.9333115220069885],"Stand/Right Leg":[0,0,0,1,0,0,0,1,0,0,0,1]},"t":0.13003510000999086},{"p":{"Stand/Left Arm":[0,0,0,1,0,0,0,1,0,0,0,1],"Right Leg":[0.23117825388908387,0.1092117577791214,0.048255763947963718,0.9537033438682556,-0.22804217040538789,-0.19607819616794587,0.25059667229652407,0.9630312323570252,0.09885420650243759,0.16628648340702058,-0.14341413974761964,0.9755927324295044],"Head":[-0.000007264314263011329,-0.00007916801405372098,-0.000019837170839309694,0.6263824105262756,-0.5879972577095032,0.5117657780647278,0.7780720591545105,0.5115509629249573,-0.3645811080932617,-0.047421589493751529,0.6265578866004944,0.777930736541748],"Torso":[-0.020570555701851846,-0.052656568586826327,0.025049306452274324,0.15178851783275605,0.9669384956359863,-0.2049148827791214,-0.967499852180481,0.18776986002922059,0.16937050223350526,0.20224769413471223,0.1725466251373291,0.9640141725540161],"Stand/Torso":[0,-9.903422355651856,0,1,0,0,0,1,0,0,0,1],"Stand/Head":[0,0,0,1,0,0,0,1,0,0,0,1],"Right Arm":[0.5893728733062744,0.23312994837760926,-0.45988017320632937,-0.8871393203735352,-0.38386407494544985,0.25618791580200198,0.43997058272361758,-0.5358911752700806,0.7205876708030701,-0.13931889832019807,0.7519767880439758,0.6442990899085999],"Left Arm":[-0.35751137137413027,0.46447649598121645,0.18046458065509797,-0.6802870035171509,0.10139772295951843,0.7258980870246887,0.05950656533241272,-0.9794740676879883,0.19258621335029603,0.7305261492729187,0.1742095947265625,0.6602895259857178],"Stand/Right Arm":[0,0,0,1,0,0,0,1,0,0,0,1],"Stand/Left Leg":[0,0,0,1,0,0,0,1,0,0,0,1],"Left Leg":[-0.5121458768844605,0.9976028203964233,0.29847726225852969,0.7894773483276367,-0.47132545709609988,0.393163800239563,0.4896109700202942,0.8698956370353699,0.05968809127807617,-0.3701440095901489,0.14537493884563447,0.9175290465354919],"Stand/Right Leg":[0,0,0,1,0,0,0,1,0,0,0,1]},"t":0.18791360000614078},{"p":{"Stand/Left Arm":[0,0,0,1,0,0,0,1,0,0,0,1],"Right Leg":[0.23481327295303346,0.09337414801120758,0.04639887064695358,0.9521576166152954,-0.23512773215770722,-0.1952199637889862,0.2576333284378052,0.9611661434173584,0.09891770035028458,0.16438055038452149,-0.1444803923368454,0.97575843334198],"Head":[-0.000005528327619686024,-0.00008403138781432062,-0.00001987069845199585,0.6021711826324463,-0.6030013561248779,0.5232391357421875,0.7973510026931763,0.48729103803634646,-0.3560601472854614,-0.04026499390602112,0.6316143870353699,0.7742363214492798],"Torso":[-0.02626192569732666,-0.05589122325181961,0.05452679842710495,0.10767724364995957,0.9736093282699585,-0.20122280716896058,-0.9724681377410889,0.14521917700767518,0.18225593864917756,0.2066674828529358,0.17605794966220857,0.9624407887458801],"Stand/Torso":[0,-9.903422355651856,0,1,0,0,0,1,0,0,0,1],"Stand/Head":[0,0,0,1,0,0,0,1,0,0,0,1],"Right Arm":[0.6276450157165527,0.288629949092865,-0.4969136416912079,-0.906162440776825,-0.34989693760871889,0.23757478594779969,0.40230610966682436,-0.5398507118225098,0.7393990755081177,-0.13045856356620789,0.765593409538269,0.6299580335617065],"Left Arm":[-0.3906157314777374,0.5105688571929932,0.1871308535337448,-0.6796925663948059,0.03157854825258255,0.7328169345855713,0.1229921504855156,-0.9800209403038025,0.15630707144737245,0.7231118679046631,0.19637149572372437,0.6622288227081299],"Stand/Right Arm":[0,0,0,1,0,0,0,1,0,0,0,1],"Stand/Left Leg":[0,0,0,1,0,0,0,1,0,0,0,1],"Left Leg":[-0.5176434516906738,1.0014666318893433,0.31297779083251955,0.7794093489646912,-0.482933908700943,0.39911898970603945,0.5040034055709839,0.8617214560508728,0.05845266580581665,-0.3721581995487213,0.15559875965118409,0.9150340557098389],"Stand/Right Leg":[0,0,0,1,0,0,0,1,0,0,0,1]},"t":0.1970871000085026},{"p":{"Stand/Left Arm":[0,0,0,1,0,0,0,1,0,0,0,1],"Right Leg":[0.22374041378498078,0.07681293785572052,0.046079155057668689,0.9488095045089722,-0.23339059948921204,-0.2128131091594696,0.25909319519996645,0.9604722857475281,0.10180234909057617,0.18064141273498536,-0.15172943472862245,0.9717751145362854],"Head":[-0.0000010728811048466014,-0.00009756453073350713,-0.000022876602088217625,0.5536185503005981,-0.6389675140380859,0.5340665578842163,0.8324958086013794,0.4411095380783081,-0.33522117137908938,-0.02138635516166687,0.6301928162574768,0.7761441469192505],"Torso":[-0.06427468359470368,-0.04904690757393837,0.11278171837329865,0.03001348488032818,0.9807794690132141,-0.1927970051765442,-0.9774206280708313,0.06915967166423798,0.19966378808021546,0.2091599404811859,0.18245115876197816,0.960709810256958],"Stand/Torso":[0,-9.903422355651856,0,1,0,0,0,1,0,0,0,1],"Stand/Head":[0,0,0,1,0,0,0,1,0,0,0,1],"Right Arm":[0.6330147981643677,0.34988537430763247,-0.5434694886207581,-0.9180151224136353,-0.3428327441215515,0.1992834359407425,0.3677459955215454,-0.5480073094367981,0.7512994408607483,-0.14836128056049348,0.7629899382591248,0.6291544437408447],"Left Arm":[-0.42891693115234377,0.5495344996452332,0.20729947090148927,-0.6554805040359497,-0.04978111386299133,0.7535696625709534,0.2010381817817688,-0.9733229279518127,0.11057174205780029,0.7279621958732605,0.22397390007972718,0.648002028465271],"Stand/Right Arm":[0,0,0,1,0,0,0,1,0,0,0,1],"Stand/Left Leg":[0,0,0,1,0,0,0,1,0,0,0,1],"Left Leg":[-0.5128812789916992,1.0412229299545289,0.3539976179599762,0.7531579732894898,-0.5023947954177856,0.42467939853668215,0.5317679643630981,0.8449996113777161,0.05655578523874283,-0.38726723194122317,0.18323546648025514,0.903575599193573],"Stand/Right Leg":[0,0,0,1,0,0,0,1,0,0,0,1]},"t":0.22295399999711663},{"p":{"Stand/Left Arm":[0,0,0,1,0,0,0,1,0,0,0,1],"Right Leg":[0.1778833568096161,0.11459773778915405,0.05456428974866867,0.9459337592124939,-0.19319678843021394,-0.26054617762565615,0.2278382033109665,0.9674901366233826,0.10978420078754425,0.23086589574813844,-0.16321097314357758,0.9591991901397705],"Head":[0.0000013858095826435602,-0.00010708058107411489,-0.000030223698558984326,0.557071328163147,-0.6592835187911987,0.5049917101860046,0.8303878307342529,0.4504692852497101,-0.3279228210449219,-0.011289134621620179,0.6020154356956482,0.7984045743942261],"Torso":[-0.13084962964057923,-0.01576297916471958,0.11103181540966034,0.0576813630759716,0.9793628454208374,-0.19370481371879579,-0.9791593551635742,0.09334449470043183,0.1803717464208603,0.19473060965538026,0.17926378548145295,0.9643364548683167],"Stand/Torso":[0,-9.903422355651856,0,1,0,0,0,1,0,0,0,1],"Stand/Head":[0,0,0,1,0,0,0,1,0,0,0,1],"Right Arm":[0.4550791084766388,0.2255249172449112,-0.4746924042701721,-0.8506132364273071,-0.49069613218307497,0.18887679278850556,0.46978527307510378,-0.5479503870010376,0.6921358704566956,-0.23613332211971284,0.6774714589118958,0.6966155767440796],"Left Arm":[-0.35914841294288638,0.41648760437965395,0.2243896871805191,-0.6144509315490723,0.09116474539041519,0.7836702466011047,0.08585115522146225,-0.9796772003173828,0.1812794804573059,0.7842701077461243,0.17866632342338563,0.5941368341445923],"Stand/Right Arm":[0,0,0,1,0,0,0,1,0,0,0,1],"Stand/Left Leg":[0,0,0,1,0,0,0,1,0,0,0,1],"Left Leg":[-0.4734882712364197,1.1212940216064454,0.3840445876121521,0.7387699484825134,-0.4941149950027466,0.4583331346511841,0.5303299427032471,0.8458672761917114,0.05708479881286621,-0.4158954620361328,0.2008952796459198,0.886945366859436],"Stand/Right Leg":[0,0,0,1,0,0,0,1,0,0,0,1]},"t":0.24467600000207313},{"p":{"Stand/Left Arm":[0,0,0,1,0,0,0,1,0,0,0,1],"Right Leg":[0.1320262998342514,0.15238253772258759,0.06304942071437836,0.9393060803413391,-0.152390718460083,-0.3073779046535492,0.19693711400032044,0.9731230139732361,0.11936227232217789,0.28092679381370547,-0.17265181243419648,0.9440717697143555],"Head":[0.000003844500042760046,-0.00011659662413876504,-0.00003757079684874043,0.5599752068519592,-0.6786827445030212,0.4752025008201599,0.8285087943077087,0.45936334133148196,-0.32024747133255007,-0.0009441226720809937,0.5730401277542114,0.8195267915725708],"Torso":[-0.19742456078529359,0.017520951107144357,0.10928192734718323,0.08526109158992768,0.977274477481842,-0.19407492876052857,-0.9799540638923645,0.11745157837867737,0.1609196811914444,0.1800571084022522,0.17646433413028718,0.9676981568336487],"Stand/Torso":[0,-9.903422355651856,0,1,0,0,0,1,0,0,0,1],"Stand/Head":[0,0,0,1,0,0,0,1,0,0,0,1],"Right Arm":[0.2771433889865875,0.10116444528102875,-0.4059152603149414,-0.7658706903457642,-0.6235071420669556,0.1571016013622284,0.5641251802444458,-0.5343197584152222,0.6294959783554077,-0.30855271220207217,0.5707374811172485,0.7609559893608093],"Left Arm":[-0.28937992453575137,0.2834407687187195,0.24147990345954896,-0.5504367351531982,0.22521309554576875,0.8039268255233765,-0.020181730389595033,-0.9662365913391113,0.25686460733413699,0.8346328735351563,0.12516307830810548,0.5363971590995789],"Stand/Right Arm":[0,0,0,1,0,0,0,1,0,0,0,1],"Stand/Left Leg":[0,0,0,1,0,0,0,1,0,0,0,1],"Left Leg":[-0.4340953230857849,1.2013652324676514,0.414091557264328,0.7232415080070496,-0.4852927625179291,0.49133768677711489,0.5289868116378784,0.8466732501983643,0.05759618431329727,-0.4439534842967987,0.2182551920413971,0.8690627217292786],"Stand/Right Leg":[0,0,0,1,0,0,0,1,0,0,0,1]},"t":0.2661996000097133},{"p":{"Stand/Left Arm":[0,0,0,1,0,0,0,1,0,0,0,1],"Right Leg":[0.06782639026641846,0.20528128743171693,0.07492861151695252,0.9237813353538513,-0.09452509135007858,-0.37107011675834658,0.15451599657535554,0.9786731600761414,0.13536474108695985,0.35036101937294009,-0.1823836863040924,0.9186856746673584],"Head":[0.0000072866691880335569,-0.00012991909170523286,-0.00004785673809237778,0.5630999207496643,-0.7042529582977295,0.4323728084564209,0.8262717723846436,0.4710056483745575,-0.3089151084423065,0.013904348015785218,0.5312075614929199,0.8471276164054871],"Torso":[-0.1636286824941635,0.008075913414359093,0.03130737692117691,0.12512096762657166,0.9743203520774841,-0.18720272183418275,-0.9796534180641174,0.15117007493972779,0.13201144337654115,0.15692085027694703,0.16687637567520142,0.9734107851982117],"Stand/Torso":[0,-9.903422355651856,0,1,0,0,0,1,0,0,0,1],"Stand/Head":[0,0,0,1,0,0,0,1,0,0,0,1],"Right Arm":[0.02803325653076172,-0.07294031977653504,-0.3096272349357605,-0.6260025501251221,-0.7759160995483398,0.07794174551963806,0.6808634996414185,-0.49509894847869875,0.5397238731384277,-0.3801915943622589,0.3909361958503723,0.8382260799407959],"Left Arm":[-0.19170403480529786,0.09717512130737305,0.2654062509536743,-0.4265233278274536,0.39514338970184328,0.8135966062545776,-0.14734524488449098,-0.9178614616394043,0.3685372471809387,0.8923940658569336,0.037310123443603519,0.4497116208076477],"Stand/Right Arm":[0,0,0,1,0,0,0,1,0,0,0,1],"Stand/Left Leg":[0,0,0,1,0,0,0,1,0,0,0,1],"Left Leg":[-0.41961488127708437,1.0918033123016358,0.41790544986724856,0.6998788714408875,-0.47166892886161806,0.5363748073577881,0.5268992781639099,0.8479374051094055,0.05813109874725342,-0.48223090171813967,0.2419307827949524,0.8419755697250366],"Stand/Right Leg":[0,0,0,1,0,0,0,1,0,0,0,1]},"t":0.2918665999895893},{"p":{"Stand/Left Arm":[0,0,0,1,0,0,0,1,0,0,0,1],"Right Leg":[0.012797895818948746,0.25062307715415957,0.08511078357696533,0.9047627449035645,-0.04453074932098389,-0.423581600189209,0.11917144060134888,0.9812643527984619,0.15138863027095796,0.4089040756225586,-0.1874496191740036,0.8931182026863098],"Head":[0.000010237099559162744,-0.00014133834338281304,-0.000056673259678063917,0.5648888945579529,-0.7246501445770264,0.3946932256221771,0.8247277736663818,0.4802089035511017,-0.29870307445526125,0.026920050382614137,0.49424850940704348,0.8689038157463074],"Torso":[-0.11974216252565384,-0.0062227919697761539,-0.0625796839594841,0.16407886147499085,0.9728631973266602,-0.16314218938350678,-0.9784759283065796,0.18149416148662568,0.09820736944675446,0.12515167891979218,0.14351695775985719,0.9817026853561401],"Stand/Torso":[0,-9.903422355651856,0,1,0,0,0,1,0,0,0,1],"Stand/Head":[0,0,0,1,0,0,0,1,0,0,0,1],"Right Arm":[-0.185489684343338,-0.22217296063899995,-0.22709468007087708,-0.4948224127292633,-0.8687878847122192,-0.018933817744255067,0.7652376890182495,-0.44596245884895327,0.4642508924007416,-0.4117792844772339,0.21523287892341615,0.885501503944397],"Left Arm":[-0.1106068566441536,-0.08195731043815613,0.2834211587905884,-0.22990846633911134,0.5466969013214111,0.805148720741272,-0.26792269945144656,-0.8308972120285034,0.48767539858818056,0.9356064796447754,-0.10359695553779602,0.3375025987625122],"Stand/Right Arm":[0,0,0,1,0,0,0,1,0,0,0,1],"Stand/Left Leg":[0,0,0,1,0,0,0,1,0,0,0,1],"Left Leg":[-0.38734903931617739,0.9788775444030762,0.4053894579410553,0.6995528340339661,-0.4535556435585022,0.5521893501281738,0.503089427947998,0.8613810539245606,0.07016908377408982,-0.5074710845947266,0.22871363162994386,0.8307605981826782],"Stand/Right Leg":[0,0,0,1,0,0,0,1,0,0,0,1]},"t":0.3170047999883536},{"p":{"Stand/Left Arm":[0,0,0,1,0,0,0,1,0,0,0,1],"Right Leg":[-0.04223061352968216,0.29596489667892458,0.09529295563697815,0.8805894255638123,0.005545582622289658,-0.4738476276397705,0.08498817682266236,0.9818706512451172,0.16943156719207765,0.4661966562271118,-0.18947109580039979,0.8641535639762878],"Head":[0.000013187531294533983,-0.00015275760961230844,-0.00006548978126375005,0.5658427476882935,-0.743603527545929,0.3561961054801941,0.8235349059104919,0.4886733293533325,-0.2880774140357971,0.04015184938907623,0.45634645223617556,0.8888957500457764],"Torso":[-0.0012631677091121674,-0.05153605341911316,-0.2917243242263794,0.21985220909118653,0.9743379354476929,-0.04827598109841347,-0.9750235080718994,0.22106751799583436,0.021405896171927453,0.03152882680296898,0.04236408323049545,0.9986045360565186],"Stand/Torso":[0,-9.903422355651856,0,1,0,0,0,1,0,0,0,1],"Stand/Head":[0,0,0,1,0,0,0,1,0,0,0,1],"Right Arm":[-0.3990126848220825,-0.3714056611061096,-0.14456209540367127,-0.36161914467811587,-0.9221052527427673,-0.13767176866531373,0.8346160054206848,-0.3859815001487732,0.3929814100265503,-0.4155089855194092,0.02720654010772705,0.909182071685791],"Left Arm":[-0.042634911835193637,-0.358469694852829,0.28896939754486086,0.3531138300895691,0.6122462153434753,0.7074354887008667,-0.3956357538700104,-0.5874918699264526,0.7059217691421509,0.8478106260299683,-0.5291576385498047,0.034774959087371829],"Stand/Right Arm":[0,0,0,1,0,0,0,1,0,0,0,1],"Stand/Left Leg":[0,0,0,1,0,0,0,1,0,0,0,1],"Left Leg":[-0.2558140456676483,0.770875871181488,0.3139490485191345,0.7962470650672913,-0.3919954001903534,0.46079307794570925,0.3649555742740631,0.9187135696411133,0.15090659260749818,-0.48249155282974245,0.048010051250457767,0.874583899974823],"Stand/Right Leg":[0,0,0,1,0,0,0,1,0,0,0,1]},"t":0.34681580000324177},{"p":{"Stand/Left Arm":[-0.0384620726108551,-0.11890310794115067,0.022562300786376,0.9456064105033875,0.23736338317394257,0.22245699167251588,-0.30339160561561587,0.8902395963668823,0.33974549174308779,-0.11739686131477356,-0.3887570798397064,0.9138303399085999],"Right Leg":[-0.08182474970817566,0.3258455991744995,0.10547880828380585,0.8569218516349793,0.051736071705818179,-0.5128433108329773,0.0529695600271225,0.9808436632156372,0.1874564290046692,0.5127174258232117,-0.18780061602592469,0.8377659320831299],"Head":[0.00001654998050071299,-0.00016408639203291386,-0.00007720741268713027,0.5633108019828796,-0.7589136362075806,0.3266972303390503,0.8244459629058838,0.49020037055015566,-0.2828294634819031,0.054496005177497867,0.4286651015281677,0.9018183946609497],"Torso":[0.09646306186914444,-0.08686824142932892,-0.46917861700057986,0.23777137696743012,0.9696272611618042,0.057339154183864596,-0.9700443744659424,0.24007052183151246,-0.0371495820581913,-0.04978668689727783,-0.04678842052817345,0.9976633191108704],"Stand/Torso":[-0.19271647930145265,-7.492773056030273,-0.049010712653398517,0.9204828143119812,0.04294963181018829,-0.38841569423675539,-0.03411376476287842,0.9989789724349976,0.029619401320815088,0.3892912268638611,-0.014013824984431267,0.9210081100463867],"Stand/Head":[-0.00000433999412052799,-9.061833452506107e-7,-0.000022269945475272835,0.9572390913963318,-0.26906463503837588,0.10629019886255264,0.2784326374530792,0.9565988183021545,-0.08598821610212326,-0.07854070514440537,0.11190593987703324,0.9906101226806641],"Right Arm":[-0.5700364708900452,-0.5085372924804688,-0.06818614900112152,-0.24838608503341676,-0.9365381598472595,-0.24738723039627076,0.8818209767341614,-0.3243103623390198,0.34236598014831545,-0.40086907148361208,-0.1331123411655426,0.9064130783081055],"Left Arm":[0.017071358859539033,-0.5974152684211731,0.2841542363166809,0.7675992250442505,0.4048713445663452,0.4968605935573578,-0.32222890853881838,-0.4263441562652588,0.8452213406562805,0.5540395379066467,-0.8088942170143127,-0.19680024683475495],"Stand/Right Arm":[-0.04346601292490959,-0.15982812643051148,0.018604597076773645,0.8629216551780701,-0.5019108057022095,0.05875208228826523,0.49453774094581606,0.8626606464385986,0.10606180131435394,-0.10391666740179062,-0.06246791407465935,0.9926223158836365],"Stand/Left Leg":[-0.024499788880348207,0.03122076392173767,0.013273937627673149,0.9982584714889526,-0.017631443217396737,0.05629521980881691,0.01620560698211193,0.9995387196540833,0.025684896856546403,-0.05672210827469826,-0.024727873504161836,0.998083770275116],"Left Leg":[-0.12427917867898941,0.5628741979598999,0.22250868380069734,0.8750674724578857,-0.30674755573272707,0.3743833005428314,0.225123330950737,0.9427096843719482,0.24620702862739564,-0.42845818400382998,-0.13116532564163209,0.8939906358718872],"Stand/Right Leg":[0.04324867203831673,0.07162333279848099,0.03985171765089035,0.9964633584022522,-0.07595809549093247,-0.03593222051858902,0.07690704613924027,0.9967042207717896,0.025806806981563569,0.03385356068611145,-0.028478972613811494,0.9990209937095642]},"t":0.3682013000070583},{"p":{"Stand/Left Arm":[-0.23859071731567384,-0.4565039277076721,0.06002291291952133,0.40169990062713625,0.36391109228134158,0.8403605222702026,-0.8426268696784973,-0.21249061822891236,0.49480050802230837,0.35863208770751955,-0.9068717360496521,0.22128373384475709],"Right Leg":[-0.04424766078591347,0.2784215807914734,0.11568311601877213,0.8583260774612427,0.0792863517999649,-0.5069417953491211,0.025549305602908136,0.9801594614982605,0.1965569108724594,0.5124680995941162,-0.1816619485616684,0.8392707109451294],"Head":[0.000021972515241941438,-0.00017496274085715413,-0.00010343048779759556,0.5471926331520081,-0.7622470259666443,0.34577417373657229,0.8337363600730896,0.45988842844963076,-0.3055919110774994,0.07391898334026337,0.45550212264060976,0.8871605396270752],"Torso":[0.09042619913816452,-0.0722954049706459,-0.38818326592445376,0.1399625539779663,0.9859672784805298,0.0909891203045845,-0.989426851272583,0.1427953541278839,-0.025374913588166238,-0.038011662662029269,-0.08647554367780686,0.995528519153595],"Stand/Torso":[-0.9647522568702698,-0.1794186681509018,-0.07704649120569229,0.08368992060422898,0.19184736907482148,-0.9778499007225037,-0.03274686634540558,0.9812918901443481,0.1897200047969818,0.9959535002708435,0.016143858432769777,0.08840665221214295],"Stand/Head":[-0.0000198185534827644,-0.0000019857598090311514,-0.0000919222948141396,0.41090577840805056,-0.779294490814209,0.4731349050998688,0.9101710319519043,0.38048383593559267,-0.1637706160545349,-0.05239465832710266,0.4979279637336731,0.8656342029571533],"Right Arm":[-0.5285657644271851,-0.5851643681526184,-0.02259320206940174,-0.21087665855884553,-0.948106050491333,-0.2379617840051651,0.8845000267028809,-0.28871041536331179,0.36647772789001467,-0.41616183519363406,-0.1331956386566162,0.899482011795044],"Left Arm":[0.03544951602816582,-0.6485282778739929,0.22752241790294648,0.7640923261642456,0.3979604244232178,0.5077304840087891,-0.4153919219970703,-0.2986554205417633,0.8592173457145691,0.4935709536075592,-0.8674286007881165,-0.06289081275463104],"Stand/Right Arm":[-0.09164097905158997,-0.549874484539032,0.07057641446590424,-0.380482941865921,-0.907277524471283,-0.17910973727703095,0.8090513348579407,-0.42037859559059145,0.4107527732849121,-0.44796061515808108,0.011375457048416138,0.893980860710144],"Stand/Left Leg":[-0.14560768008232118,0.17457062005996705,0.0849795788526535,0.9690690040588379,0.0755903422832489,0.23492847383022309,-0.09531638026237488,0.9927104115486145,0.07376216351985932,-0.22764022648334504,-0.09387315809726715,0.9692098498344421],"Left Leg":[0.007255110889673233,0.3548726439476013,0.13106845319271089,0.9343553185462952,-0.19984382390975953,0.29502972960472109,0.08943876624107361,0.932955801486969,0.34870344400405886,-0.34493592381477358,-0.2994258403778076,0.8895860314369202],"Stand/Right Leg":[0.1666838675737381,0.32915762066841128,0.15249596536159516,0.9182465672492981,-0.37080565094947817,-0.13901948928833009,0.37798240780830386,0.925377607345581,0.028382999822497369,0.118120938539505,-0.07860951870679856,0.9898828268051148]},"t":0.39333190000616016},{"p":{"Stand/Left Arm":[-0.40807709097862246,-0.41829389333724978,-0.0004281476140022278,0.3511120080947876,0.7655339241027832,0.5391457676887512,-0.7612828016281128,-0.1018361747264862,0.6403732895851135,0.5451319813728333,-0.6352851986885071,0.5470318794250488],"Right Leg":[-0.034223392605781558,0.21341226994991303,0.11373722553253174,0.8588638305664063,0.09916837513446808,-0.5025122165679932,0.0057249777019023899,0.9791585206985474,0.20301702618598939,0.5121719837188721,-0.17724084854125977,0.8403961062431336],"Head":[0.000027395049983169885,-0.00018583910423330963,-0.00012965356290806085,0.531042754650116,-0.7646546363830566,0.3650984764099121,0.8421338796615601,0.42855989933013918,-0.327333003282547,0.09383012354373932,0.48128965497016909,0.8715252876281738],"Torso":[0.08557617664337158,-0.06856537610292435,-0.3198840022087097,0.06873879581689835,0.9908729791641235,0.11595600098371506,-0.9972683191299439,0.07139786332845688,-0.01893126219511032,-0.027037478983402253,-0.11433792859315872,0.9930740594863892],"Stand/Torso":[-1.352534532546997,-0.016467362642288209,0.16094255447387696,0.3139084577560425,0.25533488392829897,-0.9144755601882935,-0.027310103178024293,0.9651899337768555,0.2601204514503479,0.9490604400634766,-0.05667959153652191,0.3099544942378998],"Stand/Head":[-0.00002473593849572353,0.0000012921234429086326,-0.00009760857210494578,0.44182825088500979,-0.7748491764068604,0.4521024227142334,0.8968149423599243,0.36880195140838625,-0.24435237050056458,0.0225999653339386,0.5134140253067017,0.8578434586524963],"Right Arm":[-0.5131035447120667,-0.5600621700286865,-0.02888883836567402,-0.14500552415847779,-0.9655750393867493,-0.2159585803747177,0.916088879108429,-0.21348737180233003,0.3394174575805664,-0.3738374710083008,-0.1486198753118515,0.9155093431472778],"Left Arm":[0.0543048232793808,-0.6634485721588135,0.16800127923488618,0.7578624486923218,0.39179569482803347,0.5216710567474365,-0.5000033974647522,-0.16484513878822328,0.850189745426178,0.41909563541412356,-0.9051641821861267,0.07096923887729645],"Stand/Right Arm":[0.07280208170413971,-0.3710083067417145,0.06289356201887131,-0.11380234360694885,-0.9474392533302307,-0.29901179671287539,0.8283563256263733,-0.2566520571708679,0.4979513883590698,-0.5485206246376038,-0.19102025032043458,0.8140249252319336],"Stand/Left Leg":[-0.24082575738430024,0.27394717931747439,0.1487477421760559,0.8929186463356018,0.3739813268184662,0.2506674826145172,-0.386866956949234,0.9221326112747192,0.0023150816559791567,-0.23028284311294557,-0.09904216974973679,0.9680704474449158],"Left Leg":[0.06008876860141754,0.24408188462257386,0.12071812152862549,0.923961877822876,-0.23936030268669129,0.2983304560184479,0.11300285905599594,0.9159935116767883,0.38494956493377688,-0.3654104173183441,-0.3219665288925171,0.8733915090560913],"Stand/Right Leg":[0.15406474471092225,0.4144900143146515,0.1386765092611313,0.849575936794281,-0.518389880657196,-0.09743040055036545,0.5124101042747498,0.8549414277076721,-0.08069067448377609,0.12512651085853578,0.018628530204296113,0.9919658899307251]},"t":0.4195418999879621},{"p":{"Stand/Left Arm":[-0.6340588927268982,-0.36734718084335329,-0.08102953433990479,0.050419002771377566,0.9987281560897827,0.00036346912384033203,-0.6614885330200195,0.03312143683433533,0.7492235898971558,0.7482585906982422,-0.0380154550075531,0.6623172760009766],"Right Leg":[-0.030973399057984353,0.13335829973220826,0.10880587249994278,0.8588294386863709,0.12473087012767792,-0.4968442916870117,-0.017867565155029298,0.976607084274292,0.21428817510604859,0.5119500160217285,-0.17515960335731507,0.8409675359725952],"Head":[0.00003332061896799132,-0.000197486937395297,-0.00016053300350904465,0.5120211839675903,-0.769573986530304,0.38156259059906008,0.8508055806159973,0.39326047897338869,-0.3485338091850281,0.11816905438899994,0.503092348575592,0.8561156392097473],"Torso":[0.07767397165298462,-0.0665934607386589,-0.23923836648464204,-0.005034945905208588,0.9894126653671265,0.14504210650920869,-0.9999262094497681,-0.0033786208368837835,-0.011663682758808136,-0.01105014979839325,-0.14509013295173646,0.9893567562103272],"Stand/Torso":[-1.869577407836914,0.20080099999904633,0.47826117277145388,0.5882275700569153,0.315565824508667,-0.7445849180221558,-0.04560919106006622,0.9322034120559692,0.3590496778488159,0.807408332824707,-0.17724299430847169,0.5627404451370239],"Stand/Head":[-0.00003129244578303769,0.0000056626331570441838,-0.00010519028000999242,0.4784538149833679,-0.7704879641532898,0.4212247431278229,0.869596540927887,0.3490959405899048,-0.3491903245449066,0.1219991147518158,0.5333670377731323,0.8370399475097656],"Right Arm":[-0.49939975142478945,-0.5053635835647583,-0.04529561102390289,-0.06347830593585968,-0.9787649512290955,-0.1949089765548706,0.947188675403595,-0.12060107290744782,0.2971344590187073,-0.3143310546875,-0.16575399041175843,0.9347307682037354],"Left Arm":[0.08077628165483475,-0.48389214277267458,0.0800972431898117,0.7460164427757263,0.38635674118995669,0.5423910021781921,-0.5878145098686218,-0.000705433078110218,0.8089954257011414,0.3129434287548065,-0.9223491549491882,0.22657981514930726],"Stand/Right Arm":[0.29205945134162905,-0.13252010941505433,0.05264975130558014,0.2461850345134735,-0.8736763000488281,-0.41962218284606936,0.7618622779846191,-0.09319112449884415,0.6410003304481506,-0.5991318225860596,-0.47749894857406618,0.6426787376403809],"Stand/Left Leg":[-0.36778315901756289,0.40644922852516177,0.23377196490764619,0.6599095463752747,0.7111018896102905,0.24259723722934724,-0.7135590314865112,0.6942598819732666,-0.09400388598442078,-0.2352718859910965,-0.11107335984706879,0.9655618667602539],"Left Leg":[0.10372063517570496,0.13461963832378388,0.13006746768951417,0.8906694650650024,-0.32263311743736269,0.32033687829971316,0.17597109079360963,0.8942925333976746,0.41143035888671877,-0.41921597719192507,-0.3100784420967102,0.8532931804656982],"Stand/Right Leg":[0.1372392475605011,0.5282664895057678,0.12025056034326554,0.7256327867507935,-0.6878566145896912,-0.017619267106056215,0.669793426990509,0.7119787931442261,-0.21086260676383973,0.15758776664733888,0.14120757579803468,0.9773569107055664]},"t":0.45200809999369087},{"p":{"Stand/Left Arm":[-0.6762198805809021,-0.36490339040756228,-0.10939756780862808,-0.15263116359710694,0.9689322710037231,-0.19461190700531007,-0.6421324014663696,0.052458882331848147,0.7647967338562012,0.751245379447937,0.24169841408729554,0.6141759753227234],"Right Leg":[-0.041053496301174167,0.13282448053359986,0.10967506468296051,0.8579273819923401,0.14551524817943574,-0.4927331507205963,-0.02903912588953972,0.9712530970573425,0.23627132177352906,0.5129497051239014,-0.18839511275291444,0.8374902606010437],"Head":[0.000031317111279349777,-0.00019228082965128124,-0.0001619625836610794,0.5109745860099793,-0.7853667736053467,0.34943410754203799,0.8510552644729614,0.4050503373146057,-0.3341246247291565,0.12087202817201615,0.4681168794631958,0.8753609657287598],"Torso":[0.06507020443677902,-0.06584259122610092,-0.21960970759391786,0.010461986064910889,0.9877752661705017,0.15553346276283265,-0.9999451041221619,0.010446455329656601,0.0009172409772872925,-0.0007187426090240479,-0.1555345058441162,0.9878303408622742],"Stand/Torso":[-2.081862688064575,0.32621079683303835,0.6633455753326416,0.758892834186554,0.3106904923915863,-0.5723226070404053,-0.07775372266769409,0.9157953858375549,0.39404726028442385,0.646557092666626,-0.254539430141449,0.7191478610038757],"Stand/Head":[-0.000034102376957889649,0.000008997119039122481,-0.00011119674309156835,0.5676985383033752,-0.7361668944358826,0.36847877502441409,0.8116728663444519,0.4257672429084778,-0.39988666772842409,0.13749712705612184,0.5260993242263794,0.8392341136932373],"Right Arm":[-0.49073439836502077,-0.4969824552536011,-0.0300692617893219,-0.08221706002950669,-0.97350013256073,-0.21339645981788636,0.9334217309951782,-0.15025043487548829,0.3258049488067627,-0.34923407435417178,-0.17240212857723237,0.921039342880249],"Left Arm":[0.08922770619392395,-0.5546739101409912,0.07205364108085633,0.7276550531387329,0.38009363412857058,0.5710053443908691,-0.6202272772789002,0.009029045701026917,0.7843702435493469,0.29297855496406557,-0.924903929233551,0.24231448769569398],"Stand/Right Arm":[0.3604988753795624,-0.05556374788284302,0.06017933040857315,0.4014071226119995,-0.8052220940589905,-0.43645113706588747,0.7126142382621765,-0.02478245086967945,0.7011181116104126,-0.5753721594810486,-0.5924551486968994,0.5638649463653565],"Stand/Left Leg":[-0.4153841733932495,0.45613893866539,0.2656559944152832,0.5844935774803162,0.7780702114105225,0.2301609069108963,-0.77081298828125,0.6210396885871887,-0.14197541773319245,-0.253405898809433,-0.09442730247974396,0.9627403020858765],"Left Leg":[0.10550056397914887,0.12017514556646347,0.14258714020252229,0.8810862302780151,-0.3345416486263275,0.3343186676502228,0.18471691012382508,0.8941376805305481,0.407